REC#0524
FIELDS:
SN,DATE,TIME,LATITUDE,LONGITUDE,ALTITUDE,PRESSURE,SZA,AM,SDCORR,TEMP,ID,SIG380,SIG440,SIG500,SIG675,SIG870,STD380,STD440,STD500,STD675,STD870,R380_440,R440_500,R500_675,R675_870,AOT380,AOT440,AOT500,AOT675,AOT870,WATER
08409,11/29/2016,13:29:20, 48.148,  11.573,  540,  969,77.14,4.410,0.971,  8.1,96,  -0.00,   0.00,   0.01,  -0.00,   0.03,NaN   ,NaN   ,NaN   ,NaN   ,NaN   ,NaN   ,NaN   ,NaN   ,NaN   ,NaN  ,NaN  ,NaN  ,NaN  ,NaN  ,Na  
08409,11/29/2016,13:33:12, 48.148,  11.573,  540,  968,77.51,4.535,0.971,  7.9,96,   0.00,   0.00,   0.00,   0.00,   0.00,NaN   ,NaN   ,NaN   ,NaN   ,NaN   ,NaN   ,NaN   ,NaN   ,NaN   ,NaN  ,NaN  ,NaN  ,NaN  ,NaN  ,Na  
08409,11/29/2016,13:35:10, 48.148,  11.573,  540,  967,77.70,4.601,0.971,  7.5,96, 232.78, 534.08, 797.67,1082.48,1257.07, 0.003, 0.001, 0.004, 0.006, 0.004,0.4358,0.6696,0.7369,0.8611,0.084,0.063,0.066,0.046,0.027,Na  
08409,11/29/2016,13:35:21, 48.148,  11.573,  540,  967,77.72,4.608,0.971,  7.5,96, 230.80, 532.20, 795.52,1083.31,1258.76, 0.005, 0.002, 0.002, 0.004, 0.004,0.4337,0.6690,0.7343,0.8606,0.085,0.064,0.066,0.046,0.026,Na  
08409,11/29/2016,13:35:33, 48.148,  11.573,  540,  967,77.74,4.615,0.971,  7.5,96, 231.80, 532.69, 798.83,1093.21,1270.97, 0.001, 0.001, 0.005, 0.001, 0.003,0.4352,0.6668,0.7307,0.8601,0.084,0.063,0.065,0.044,0.024,Na  
08409,11/29/2016,13:35:45, 48.148,  11.573,  540,  967,77.76,4.622,0.971,  7.5,96, 227.21, 526.19, 794.43,1082.90,1258.73, 0.010, 0.008, 0.002, 0.003, 0.006,0.4318,0.6624,0.7336,0.8603,0.087,0.065,0.066,0.046,0.026,Na  
08409,11/29/2016,13:35:57, 48.148,  11.573,  540,  967,77.78,4.629,0.971,  7.5,96, 229.47, 530.68, 798.09,1090.42,1268.49, 0.004, 0.001, 0.004, 0.005, 0.007,0.4324,0.6650,0.7319,0.8596,0.084,0.063,0.065,0.044,0.024,Na  
08409,11/29/2016,13:36:10, 48.148,  11.573,  540,  967,77.80,4.636,0.971,  7.5,96, 224.05, 519.67, 769.53,1044.72,1219.37, 0.002, 0.004, 0.001, 0.001, 0.005,0.4311,0.6753,0.7366,0.8568,0.089,0.067,0.072,0.053,0.033,Na  
08409,11/29/2016,13:36:22, 48.148,  11.573,  540,  967,77.82,4.644,0.971,  7.6,96, 228.09, 528.67, 794.79,1090.05,1265.96, 0.002, 0.007, 0.009, 0.008, 0.006,0.4314,0.6652,0.7291,0.8610,0.084,0.063,0.065,0.044,0.025,Na  
08409,11/29/2016,13:46:08, 48.148,  11.573,  540,  967,78.81,5.029,0.971,  4.7,96,   0.00,   0.00,  -0.01,  -0.00,  -0.01,NaN   ,NaN   ,NaN   ,NaN   ,NaN   ,NaN   ,NaN   ,NaN   ,NaN   ,NaN  ,NaN  ,NaN  ,NaN  ,NaN  ,Na  
08409,11/29/2016,13:47:50, 48.148,  11.573,  540,  967,78.99,5.104,0.971,  4.7,96,   0.22,   0.28,   0.34,   0.29,   0.26, 0.049, 0.045, 0.150, 0.491, 0.565,0.7958,0.8409,1.3179,1.2132,1.396,1.514,1.566,1.646,1.686,Na  
08409,11/29/2016,13:48:09, 48.148,  11.573,  540,  966,79.02,5.119,0.971,  4.8,96, 170.86, 440.99, 705.13,1042.00,1244.70, 0.001, 0.003, 0.003, 0.003, 0.003,0.3875,0.6254,0.6767,0.8371,0.094,0.071,0.070,0.045,0.024,Na  
08409,11/29/2016,13:48:21, 48.148,  11.573,  540,  967,79.04,5.128,0.971,  4.9,96, 170.75, 440.57, 706.90,1036.68,1239.63, 0.001, 0.001, 0.001, 0.002, 0.001,0.3876,0.6232,0.6819,0.8363,0.092,0.071,0.069,0.046,0.025,Na  
08409,11/29/2016,13:48:33, 48.148,  11.573,  540,  967,79.06,5.137,0.971,  4.9,96, 171.42, 440.46, 706.66,1038.78,1236.02, 0.001, 0.001, 0.001, 0.001, 0.004,0.3892,0.6233,0.6803,0.8404,0.091,0.070,0.068,0.045,0.026,Na  
08409,11/29/2016,13:48:45, 48.148,  11.573,  540,  967,79.08,5.146,0.971,  5.0,96, 169.94, 440.35, 698.93,1015.78,1217.45, 0.004, 0.002, 0.002, 0.002, 0.003,0.3859,0.6300,0.6881,0.8344,0.092,0.070,0.070,0.049,0.029,Na  
08409,11/29/2016,13:48:56, 48.148,  11.573,  540,  967,79.10,5.155,0.971,  5.1,96, 170.85, 443.32, 699.61,1016.32,1217.60, 0.003, 0.002, 0.002, 0.004, 0.003,0.3854,0.6337,0.6884,0.8347,0.090,0.068,0.070,0.049,0.028,Na  
08409,11/29/2016,13:49:09, 48.148,  11.573,  540,  967,79.12,5.165,0.971,  5.1,96, 171.87, 445.18, 711.35,1043.27,1241.97, 0.004, 0.001, 0.003, 0.001, 0.002,0.3861,0.6258,0.6818,0.8400,0.088,0.066,0.066,0.044,0.025,Na  
08409,11/29/2016,13:49:21, 48.148,  11.573,  540,  967,79.14,5.174,0.971,  5.2,96, 169.02, 439.52, 704.60,1030.96,1230.47, 0.006, 0.003, 0.005, 0.013, 0.011,0.3846,0.6238,0.6835,0.8378,0.090,0.068,0.068,0.046,0.026,Na  
08409,11/29/2016,14:01:03, 48.148,  11.573,  541,  967,80.41,5.809,0.971,  4.6,96,   0.00,   0.00,  -0.00,  -0.01,   0.00,NaN   ,NaN   ,NaN   ,NaN   ,NaN   ,NaN   ,NaN   ,NaN   ,NaN   ,NaN  ,NaN  ,NaN  ,NaN  ,NaN  ,Na  
08409,11/29/2016,14:01:23, 48.148,  11.573,  541,  967,80.45,5.829,0.971,  4.6,96, 122.49, 364.36, 620.31, 981.48,1206.92, 0.001, 0.001, 0.002, 0.005, 0.005,0.3362,0.5874,0.6320,0.8132,0.087,0.067,0.067,0.045,0.025,Na  
08409,11/29/2016,14:01:35, 48.148,  11.573,  541,  967,80.47,5.842,0.971,  4.6,96, 122.99, 365.74, 627.25, 995.42,1219.76, 0.003, 0.000, 0.001, 0.003, 0.002,0.3363,0.5831,0.6301,0.8161,0.086,0.066,0.064,0.042,0.023,Na  
08409,11/29/2016,14:01:47, 48.148,  11.573,  541,  967,80.49,5.855,0.971,  4.6,96, 122.56, 366.67, 618.77, 970.27,1191.75, 0.005, 0.001, 0.001, 0.002, 0.001,0.3342,0.5926,0.6377,0.8142,0.085,0.065,0.066,0.046,0.027,Na  
08409,11/29/2016,14:01:58, 48.148,  11.573,  541,  967,80.51,5.866,0.971,  4.6,96, 123.30, 367.44, 628.49, 992.32,1213.06, 0.005, 0.006, 0.002, 0.005, 0.001,0.3356,0.5846,0.6334,0.8180,0.083,0.064,0.063,0.042,0.024,Na  
08409,11/29/2016,14:02:10, 48.148,  11.573,  541,  967,80.54,5.879,0.971,  4.6,96, 122.09, 366.08, 627.13, 991.71,1218.32, 0.003, 0.002, 0.004, 0.003, 0.005,0.3335,0.5837,0.6324,0.8140,0.084,0.064,0.063,0.042,0.023,Na  
08409,11/29/2016,14:02:22, 48.148,  11.573,  541,  968,80.56,5.892,0.971,  4.7,96, 121.29, 364.20, 622.78, 984.22,1211.25, 0.003, 0.001, 0.005, 0.004, 0.006,0.3330,0.5848,0.6328,0.8126,0.083,0.064,0.064,0.043,0.024,Na  
08409,11/29/2016,14:15:11, 48.148,  11.573,  541,  967,82.02,6.872,0.971,  3.0,96,   0.00,   0.01,   0.00,   0.00,  -0.01,NaN   ,NaN   ,NaN   ,NaN   ,NaN   ,NaN   ,NaN   ,NaN   ,NaN   ,NaN  ,NaN  ,NaN  ,NaN  ,NaN  ,Na  
08409,11/29/2016,14:17:56, 48.148,  11.573,  541,  967,82.34,7.133,0.971,  3.2,96,  65.61, 254.04, 493.75, 903.00,1170.39, 0.001, 0.000, 0.003, 0.002, 0.003,0.2583,0.5145,0.5468,0.7715,0.082,0.063,0.061,0.041,0.022,Na  
08409,11/29/2016,14:18:08, 48.148,  11.573,  541,  967,82.37,7.153,0.971,  3.2,96,  64.83, 252.11, 486.79, 889.59,1154.31, 0.001, 0.002, 0.003, 0.001, 0.001,0.2572,0.5179,0.5472,0.7707,0.082,0.063,0.063,0.043,0.024,Na  
08409,11/29/2016,14:18:20, 48.148,  11.573,  541,  967,82.39,7.173,0.971,  3.2,96,  63.16, 247.70, 479.97, 875.43,1139.43, 0.021, 0.011, 0.004, 0.004, 0.003,0.2550,0.5161,0.5483,0.7683,0.084,0.065,0.064,0.045,0.026,Na  
08409,11/29/2016,14:18:31, 48.148,  11.573,  541,  967,82.41,7.192,0.971,  3.3,96,  62.69, 246.61, 479.32, 877.40,1140.54, 0.002, 0.001, 0.006, 0.004, 0.002,0.2542,0.5145,0.5463,0.7693,0.084,0.065,0.064,0.044,0.025,Na  
08409,11/29/2016,14:18:43, 48.148,  11.573,  541,  967,82.44,7.212,0.971,  3.3,96,  62.29, 245.60, 480.29, 884.80,1152.44, 0.007, 0.003, 0.002, 0.003, 0.004,0.2536,0.5114,0.5428,0.7678,0.083,0.065,0.063,0.043,0.024,Na  
08409,11/29/2016,14:18:55, 48.148,  11.573,  541,  967,82.46,7.232,0.971,  3.4,96,  61.61, 244.09, 476.72, 880.69,1146.78, 0.003, 0.003, 0.005, 0.003, 0.004,0.2524,0.5120,0.5413,0.7680,0.083,0.065,0.064,0.043,0.024,Na  
08409,11/29/2016,14:24:20, 48.148,  11.573,  541,  968,83.11,7.834,0.971,  4.1,96,  -0.01,   0.01,   0.00,   0.00,   0.01,NaN   ,NaN   ,NaN   ,NaN   ,NaN   ,NaN   ,NaN   ,NaN   ,NaN   ,NaN  ,NaN  ,NaN  ,NaN  ,NaN  ,Na  
08409,11/29/2016,14:26:13, 48.148,  11.573,  541,  967,83.33,8.069,0.971,  4.0,96,  39.53, 186.79, 400.82, 827.34,1113.88, 0.002, 0.004, 0.001, 0.001, 0.004,0.2116,0.4660,0.4845,0.7428,0.086,0.067,0.064,0.042,0.024,Na  
08409,11/29/2016,14:26:25, 48.148,  11.573,  541,  967,83.36,8.095,0.971,  4.1,96,  38.96, 185.11, 399.06, 823.59,1114.67, 0.002, 0.004, 0.003, 0.003, 0.003,0.2105,0.4639,0.4845,0.7389,0.086,0.067,0.064,0.043,0.024,Na  
08409,11/29/2016,14:26:37, 48.148,  11.573,  541,  967,83.38,8.121,0.971,  4.1,96,  38.10, 182.51, 390.94, 806.76,1093.68, 0.006, 0.004, 0.007, 0.004, 0.004,0.2088,0.4669,0.4846,0.7377,0.087,0.068,0.066,0.045,0.026,Na  
08409,11/29/2016,14:26:48, 48.148,  11.573,  541,  967,83.41,8.145,0.971,  4.2,96,  37.65, 181.19, 393.04, 815.43,1109.38, 0.001, 0.001, 0.002, 0.002, 0.001,0.2078,0.4610,0.4820,0.7350,0.087,0.068,0.065,0.043,0.024,Na  
08409,11/29/2016,14:27:00, 48.148,  11.573,  541,  967,83.43,8.172,0.971,  4.3,96,  37.16, 179.70, 387.51, 802.56,1090.64, 0.001, 0.001, 0.004, 0.004, 0.007,0.2068,0.4637,0.4828,0.7359,0.087,0.068,0.066,0.045,0.026,Na  
08409,11/29/2016,14:30:05, 48.148,  11.573,  541,  968,83.81,8.603,0.971,  3.9,96,  -0.00,   0.02,   0.01,   0.01,   0.01,NaN   ,NaN   ,NaN   ,NaN   ,NaN   ,NaN   ,NaN   ,NaN   ,NaN   ,NaN  ,NaN  ,NaN  ,NaN  ,NaN  ,Na  
08409,11/29/2016,14:35:18, 48.148,  11.573,  541,  968,84.45,9.453,0.971,  2.3,96,  18.30, 116.44, 290.81, 716.06,1035.21, 0.006, 0.004, 0.004, 0.000, 0.006,0.1572,0.4004,0.4061,0.6917,0.092,0.073,0.069,0.045,0.026,Na  
08409,11/29/2016,14:35:30, 48.148,  11.573,  541,  968,84.48,9.489,0.971,  2.4,96,  17.74, 114.06, 286.69, 710.00,1024.99, 0.005, 0.002, 0.009, 0.009, 0.005,0.1555,0.3979,0.4038,0.6927,0.094,0.074,0.069,0.046,0.027,Na  
08409,11/29/2016,14:35:41, 48.148,  11.573,  541,  968,84.50,9.522,0.971,  2.4,96,  17.51, 112.68, 281.98, 704.73,1024.91, 0.006, 0.001, 0.008, 0.005, 0.002,0.1554,0.3996,0.4001,0.6876,0.093,0.075,0.070,0.047,0.027,Na  
08409,11/29/2016,14:35:53, 48.148,  11.573,  541,  969,84.53,9.558,0.971,  2.5,96,  16.87, 110.09, 273.93, 684.88, 992.49, 0.006, 0.006, 0.008, 0.009, 0.017,0.1533,0.4019,0.4000,0.6901,0.095,0.076,0.073,0.049,0.030,Na  
08409,11/29/2016,14:36:05, 48.148,  11.573,  541,  969,84.55,9.595,0.971,  2.6,96,  16.04, 106.53, 266.00, 666.51, 969.78, 0.012, 0.008, 0.007, 0.000, 0.012,0.1506,0.4005,0.3991,0.6873,0.098,0.078,0.075,0.052,0.032,Na  
